0 0
1 1
2 86304155064,9844
3 171799767804,568
4 256494413065,826
5 340395594729,729
6 423510746376,973
7 505847231946,599
8 587412346388,424
9 668213316309,375
10 748257300613,754
11 827551391137,517
12 906102613276,602
13 983917926609,375
14 1061004225513,24
15 1137368339775,49
16 1213017035198,39
17 1287957014198,66
18 1362194916401,28
19 1435737319227,76
20 1508590738478,88
21 1580761628912,04
22 1652256384813,06
23 1723081340562,8
24 1793242771198,3
25 1862746892968,81
26 1931599863886,5
27 1999807784272,08
28 2067376697295,26
29 2134312589510,2
30 2200621391385,9
31 2266308977831,62
32 2331381168717,41
33 2395843729389,77
34 2459702371182,39
35 2522962751922,22
36 2585630476430,75
37 2647711097020,57
38 2709210113987,32
39 2770132976096,97
40 2830485081068,66
41 2890271776052,84
42 2949498358105,09
43 3008170074655,4
44 3066292123973,11
45 3123869655627,45
46 3180907770943,81
47 3237411523455,71
48 3293385919352,5
49 3348835917922,98
50 3403766431994,73
51 3458182328369,39
52 3512088428253,87
53 3565489507687,51
54 3618390297965,21
55 3670795486056,64
56 3722709715021,5
57 3774137584420,87
58 3825083650724,75
59 3875552427715,76
60 3925548386889,04
61 3975075957848,45
62 4024139528698,99
63 4072743446435,61
64 4120892017328,36
65 4168589507303,88
66 4215840142323,42
67 4262648108757,19
68 4309017553755,31
69 4354952585615,24
70 4400457274145,77
71 4445535651027,59
72 4490191710170,52
73 4534429408067,32
74 4578252664144,29
75 4621665361108,49
76 4664671345291,76
77 4707274426991,5
78 4749478380808,24
79 4791286945980,11
80 4832703826714,09
81 4873732692514,21
82 4914377178506,7
83 4954640885762,02
84 4994527381613,9
85 5034040199975,47
86 5073182841652,29
87 5111958774652,55
88 5150371434494,35
89 5188424224510,04
90 5226120516147,8
91 5263463649270,32
92 5300456932450,69
93 5337103643265,61
94 5373407028585,68
95 5409370304863,16
96 5444996658416,9
97 5480289245714,65
98 5515251193652,72
99 5549885599833,03
100 5584195532837,56
101 5618184032500,19
102 5651854110176,07
103 5685208749008,4
104 5718250904192,75
105 5750983503238,85
106 5783409446230,01
107 5815531606080,06
108 5847352828787,85
109 5878875933689,44
110 5910103713707,88
111 5941038935600,66
112 5971684340204,85
113 6002042642679,91
114 6032116532748,3
115 6061908674933,74
116 6091421708797,28
117 6120658249171,24
118 6149620886390,77
119 6178312186523,46
120 6206734691596,59
121 6234890919822,46
122 6262783365821,39
123 6290414500842,83
124 6317786772984,27
125 6344902607408,14
126 6371764406556,69
127 6398374550364,83
128 6424735396471,01
129 6450849280426,08
130 6476718515900,25
131 6502345394888,05
132 6527732187911,4
133 6552881144220,8
134 6577794491994,61
135 6602474438536,43
136 6626923170470,7
137 6651142853936,42
138 6675135634779,08
139 6698903638740,75
140 6722448971648,45
141 6745773719600,73
142 6768879949152,46
143 6791769707497,95
144 6814445022652,33
145 6836907903631,23
146 6859160340628,78
147 6881204305193,91
148 6903041750405,08
149 6924674611043,27
150 6946104803763,43
151 6967334227264,29
152 6988364762456,58
153 7009198272629,69
154 7029836603616,71
155 7050281583958,03
156 7070535025063,32
157 7090598721372,01
158 7110474450512,29
159 7130163973458,6
160 7149669034687,65
161 7168991362333
162 7188132668338,12
163 7207094648608,15
164 7225878983160,05
165 7244487336271,56
166 7262921356628,55
167 7281182677471,17
168 7299272916738,53
169 7317193677212,01
170 7334946546657,33
171 7352533097965,19
172 7369954889290,6
173 7387213464191
174 7404310351762,96
175 7421247066777,67
176 7438025109815,17
177 7454645967397,27
178 7471111112119,28
179 7487422002780,46
180 7503580084513,27
181 7519586788911,45
182 7535443534156,78
183 7551151725144,81
184 7566712753609,27
185 7582127998245,41
186 7597398824832,16
187 7612526586353,09
188 7627512623116,35
189 7642358262873,35
190 7657064820936,46
191 7671633600295,5
192 7686065891733,22
193 7700362973939,62
194 7714526113625,28
195 7728556565633,58
196 7742455573051,86
197 7756224367321,58
198 7769864168347,41
199 7783376184605,31
200 7796761613249,63
